33 41 -46
33 44 -13
33 47 -22
33 59 -13
33 93 -42
33 103 -68
33 112 -9
33 121 -41
33 124 -5
33 125 -31
34 34 -16
34 35 -37
34 36 -33
34 37 -24
34 38 -40
34 39 -16
34 40 -75
34 41 -44
34 43 -150
34 47 -195
34 48 -29
34 49 -8
34 52 -10
34 53 -14
34 54 -101
34 57 -7
34 58 -73
34 59 -136
34 60 -186
34 61 -289
34 62 -48
34 64 -73
34 65 -115
34 66 -37
34 67 -123
34 68 -23
34 69 -36
34 70 -8
34 71 -76
34 72 -6
34 73 -29
34 74 -167
34 75 -22
34 76 -39
34 77 -118
34 78 -42
34 79 -46
34 80 -42
34 81 -70
34 82 -26
34 83 -96
34 85 -12
34 88 -58
34 90 -22
34 91 -11
34 93 -40
34 94 -15
34 97 -124
34 98 -11
34 99 -143
34 100 -100
34 101 -105
34 102 -52
34 103 -210
34 104 -47
34 105 -21
34 106 -155
34 107 -5
34 108 -9
34 109 -85
34 110 -93
34 111 -128
34 112 -76
34 113 -119
34 114 -60
34 115 -118
34 116 -50
34 117 -53
34 118 -48
34 119 -48
34 120 -52
34 121 -97
34 122 -60
34 123 -75
34 124 -15
34 125 -29
35 38 -5
35 41 -93
35 44 -102
35 46 -120
35 47 -83
35 51 -40
35 53 -14
35 55 -23
35 59 -63
35 63 -24
35 65 -29
35 66 -9
35 73 -23
35 74 -85
35 75 -6
35 76 -5
35 77 -37
35 78 -15
35 80 -8
35 82 -5
35 83 -29
35 84 -27
35 86 -19
35 87 -14
35 88 -59
35 89 -20
35 90 -21
35 91 -5
35 92 -16
35 93 -71
35 96 -24
35 99 -5
35 103 -75
35 104 -27
35 105 -6
35 106 -129
35 108 -5
35 109 -9
35 110 -7
35 112 -11
35 115 -52
35 120 -6
35 121 -41
35 123 -18
35 124 -8
35 125 -72
35 126 -13
36 35 -7
36 36 -16
36 38 -21
36 40 -17
36 41 -45
36 43 -16
36 44 -95
36 45 -16
36 46 -62
36 47 -95
36 48 -8
36 49 -5
36 53 -12
36 54 -18
36 58 -16
36 59 -79
36 60 -16
36 61 -17
36 62 -15
36 64 -18
36 65 -43
36 66 -25
36 67 -19
36 68 -16
36 69 -18
36 71 -17
36 72 -5
36 73 -29
36 74 -39
36 75 -16
36 76 -21
36 77 -48
36 78 -31
36 79 -16
36 80 -24
36 81 -16
36 82 -12
36 83 -30
36 85 -5
36 88 -59
36 90 -22
36 91 -10
36 93 -40
36 97 -20
36 98 -5
36 99 -21
36 100 -17
36 101 -17
36 102 -16
36 103 -91
36 104 -41
36 105 -21
36 106 -108
36 108 -7
36 109 -25
36 110 -23
36 111 -19
36 112 -27
36 113 -20
36 114 -18
36 115 -54
36 116 -16
36 117 -16
36 118 -15
36 119 -15
36 120 -19
36 121 -57
36 122 -16
36 123 -25
36 124 -12
36 125 -29
36 126 -25
37 34 -80
37 37 -18
37 39 -79
37 41 -106
37 42 -62
37 44 -48
37 46 -6
37 47 -52
37 50 -32
37 51 -13
37 52 -7
37 55 -62
37 57 -68
37 59 -48
37 62 -9
37 63 -24
37 65 -8
37 77 -7
37 78 -6
37 84 -62
37 86 -62
37 87 -57
37 88 -6
37 89 -62
37 91 -5
37 92 -59
37 93 -102
37 94 -80
37 96 -62
37 102 -21
37 103 -68
37 104 -7
37 106 -41
37 109 -5
37 112 -9
37 116 -22
37 118 -16
37 119 -11
37 120 -6
37 121 -41
37 122 -8
37 124 -7
37 125 -91
38 34 -106
38 37 -9
38 39 -106
38 41 -139
38 42 -62
38 44 -32
38 46 -19
38 47 -41
38 50 -49
38 51 -27
38 53 -19
38 55 -106
38 57 -78
38 59 -32
38 62 -21
38 63 -24
38 65 -19
38 66 -7
38 73 -15
38 74 -19
38 75 -5
38 77 -19
38 78 -13
38 80 -7
38 83 -18
38 84 -106
38 86 -71
38 87 -57
38 88 -19
38 89 -91
38 90 -15
38 91 -5
38 92 -56
38 93 -146
38 94 -106
38 96 -106
38 102 -10
38 103 -72
38 104 -19
38 105 -5
38 106 -21
38 108 -5
38 109 -9
38 110 -5
38 112 -10
38 115 -19
38 116 -13
38 118 -12
38 119 -9
38 120 -19
38 121 -41
38 123 -8
38 124 -8
38 125 -135
38 126 -7
39 34 -17
39 35 -39
39 36 -33
39 37 -23
39 38 -40
39 39 -16
39 40 -75
39 41 -44
39 43 -150
39 47 -195
39 48 -27
39 49 -8
39 52 -10
39 53 -14
39 54 -103
39 57 -6
39 58 -76
39 59 -139
39 60 -189
39 61 -292
39 62 -48
39 64 -76
39 65 -114
39 66 -36
39 67 -126
39 68 -23
39 69 -36
39 70 -7
39 71 -76
39 72 -6
39 73 -29
39 74 -166
39 75 -22
39 76 -39
39 77 -117
39 78 -42
39 79 -47
39 80 -42
39 81 -72
39 82 -26
39 83 -96
39 85 -11
39 88 -58
39 90 -22
39 91 -11
39 93 -40
39 94 -16
39 97 -127
39 98 -11
39 99 -146
39 100 -102
39 101 -108
39 102 -54
39 103 -213
39 104 -47
39 105 -21
39 106 -155
39 107 -5
39 108 -8
39 109 -82
39 110 -90
39 111 -130
39 112 -78
39 113 -122
39 114 -60
39 115 -121
39 116 -52
39 117 -52
39 118 -48
39 119 -48
39 120 -52
39 121 -96
39 122 -63
39 123 -75
39 124 -15
39 125 -29
40 34 -18
40 35 -54
40 36 -34
40 37 -23
40 38 -40
40 39 -17
40 40 -75
40 41 -24
40 43 -121
40 44 -75
40 45 -122
40 46 -118
40 47 -74
40 48 -28
40 49 -8
40 52 -10
40 53 -14
40 54 -116
40 57 -6
40 58 -94
40 59 -75
40 60 -120
40 61 -104
40 62 -70
40 64 -81
40 65 -114
40 66 -37
40 67 -123
40 68 -23
40 69 -36
40 70 -7
40 71 -91
40 72 -6
40 73 -29
40 74 -120
40 75 -22
40 76 -39
40 77 -117
40 78 -42
40 79 -49
40 80 -42
40 81 -80
40 82 -27
40 83 -97
40 85 -11
40 88 -58
40 90 -22
40 91 -11
40 93 -24
40 94 -20
40 95 -24
40 97 -120
40 98 -11
40 99 -120
40 100 -120
40 101 -123
40 102 -77
40 103 -24
40 104 -47
40 105 -21
40 106 -87
40 107 -5
40 108 -9
40 109 -105
40 110 -113
40 111 -120
40 112 -24
40 113 -120
40 114 -82
40 115 -118
40 116 -76
40 117 -74
40 118 -70
40 119 -70
40 120 -74
40 121 -24
40 122 -86
40 123 -74
40 124 -15
40 125 -24
40 126 -125
41 34 -18
41 39 -18
41 41 -87
41 42 -21
41 44 -19
41 47 -27
41 50 -29
41 51 -10
41 55 -46
41 57 -11
41 59 -19
41 63 -22
41 84 -49
41 86 -50
41 87 -42
41 89 -54
41 92 -46
41 93 -83
41 94 -18
41 95 -61
41 96 -58
41 103 -59
41 106 -13
41 112 -9
41 121 -41
41 124 -7
41 125 -84
42 35 -12
42 36 -16
42 37 -6
42 38 -40
42 40 -31
42 41 -44
42 43 -118
42 47 -148
42 48 -11
42 49 -6
42 53 -12
42 54 -53
42 58 -16
42 59 -79
42 60 -62
42 61 -21
42 62 -16
42 64 -37
42 65 -76
42 66 -31
42 67 -60
42 68 -18
42 69 -20
42 71 -31
42 72 -5
42 73 -29
42 74 -165
42 75 -17
42 76 -24
42 77 -88
42 78 -37
42 79 -18
42 80 -34
42 81 -29
42 82 -14
42 83 -77
42 85 -7
42 88 -58
42 90 -22
42 91 -11
42 93 -40
42 97 -51
42 98 -6
42 99 -68
42 100 -37
42 101 -44
42 102 -16
42 103 -138
42 104 -46
42 105 -21
42 106 -155
42 108 -7
42 109 -37
42 110 -42
42 111 -54
42 112 -33
42 113 -53
42 114 -27
42 115 -69
42 116 -16
42 117 -20
42 118 -16
42 119 -16
42 120 -20
42 121 -65
42 122 -16
42 123 -65
42 124 -13
42 125 -29
42 126 -123
43 34 -101
43 37 -18
43 39 -101
43 41 -142
43 42 -121
43 44 -77
43 46 -98
43 47 -74
43 50 -45
43 51 -84
43 52 -6
43 53 -14
43 55 -139
43 57 -100
43 59 -63
43 62 -34
43 63 -24
43 65 -22
43 66 -7
43 73 -10
43 74 -22
43 75 -5
43 77 -27
43 78 -12
43 80 -7
43 83 -10
43 84 -105
43 86 -71
43 87 -57
43 88 -41
43 89 -90
43 90 -10
43 91 -5
43 92 -59
43 93 -187
43 94 -101
43 96 -147
43 102 -20
43 103 -70
43 104 -20
43 105 -5
43 106 -100
43 108 -5
43 109 -8
43 112 -10
43 115 -38
43 116 -23
43 118 -16
43 119 -11
43 120 -27
43 121 -41
43 122 -8
43 124 -8
43 125 -146
44 35 -11
44 37 -71
44 41 -113
44 43 -14
44 44 -26
44 45 -12
44 47 -33
44 48 -8
44 50 -30
44 51 -8
44 52 -109
44 55 -133
44 57 -173
44 59 -26
44 63 -20
44 84 -92
44 86 -92
44 87 -66
44 89 -88
44 92 -100
44 93 -183
44 95 -73
44 102 -74
44 103 -68
44 106 -14
44 112 -9
44 116 -82
44 118 -68
44 119 -33
44 121 -41
44 122 -21
44 124 -7
44 125 -145
45 37 -15
45 41 -141
45 44 -81
45 46 -237
45 47 -76
45 50 -47
45 51 -90
45 53 -15
45 55 -141
45 57 -96
45 59 -63
45 62 -28
45 63 -24
45 65 -23
45 66 -7
45 73 -13
45 74 -26
45 75 -5
45 77 -29
45 78 -12
45 80 -7
45 83 -14
45 84 -106
45 86 -71
45 87 -57
45 88 -44
45 89 -91
45 90 -13
45 91 -5
45 92 -58
45 93 -187
45 102 -16
45 103 -71
45 104 -21
45 105 -5
45 106 -139
45 108 -5
45 109 -8
45 110 -5
45 112 -10
45 115 -52
45 116 -19
45 118 -14
45 119 -11
45 120 -27
45 121 -41
45 123 -5
45 124 -8
45 125 -146
45 126 -5
46 35 -47
46 36 -15
46 37 -71
46 41 -120
46 43 -56
46 44 -13
46 45 -47
46 47 -21
46 48 -9
46 50 -30
46 51 -8
46 52 -109
46 55 -133
46 57 -173
46 59 -13
46 60 -20
46 63 -20
46 79 -9
46 84 -92
46 86 -104
46 87 -74
46 89 -88
46 92 -100
46 93 -183
46 102 -74
46 103 -68
46 107 -5
46 112 -9
46 116 -82
46 118 -68
46 119 -33
46 121 -41
46 122 -21
46 124 -5
46 125 -140
47 34 -17
47 35 -37
47 36 -33
47 37 -24
47 38 -40
47 39 -16
47 40 -75
47 41 -44
47 43 -97
47 44 -188
47 45 -98
47 46 -146
47 47 -195
47 48 -29
47 49 -8
47 52 -10
47 53 -14
47 54 -100
47 57 -7
47 58 -62
47 59 -125
47 60 -94
47 61 -71
47 62 -44
47 64 -76
47 65 -115
47 66 -37
47 67 -110
47 68 -23
47 69 -36
47 70 -8
47 71 -72
47 72 -6
47 73 -29
47 74 -136
47 75 -22
47 76 -39
47 77 -118
47 78 -42
47 79 -47
47 80 -42
47 81 -72
47 82 -28
47 83 -95
47 85 -12
47 88 -58
47 90 -22
47 91 -11
47 93 -40
47 94 -15
47 95 -227
47 97 -102
47 98 -11
47 99 -112
47 100 -88
47 101 -94
47 102 -50
47 103 -181
47 104 -47
47 105 -21
47 106 -155
47 107 -5
47 108 -9
47 109 -79
47 110 -87
47 111 -102
47 112 -73
47 113 -104
47 114 -56
47 115 -115
47 116 -48
47 117 -49
47 118 -45
47 119 -45
47 120 -49
47 121 -93
47 122 -56
47 123 -75
47 124 -15
47 125 -29
47 126 -124
48 35 -7
48 36 -13
48 38 -19
48 40 -9
48 41 -47
48 43 -7
48 44 -88
48 45 -7
48 46 -46
48 47 -89
48 53 -12
48 54 -16
48 59 -63
48 60 -7
48 64 -12
48 65 -39
48 66 -19
48 67 -17
48 68 -9
48 69 -9
48 71 -9
48 73 -27
48 74 -30
48 75 -11
48 76 -13
48 77 -42
48 78 -25
48 80 -18
48 81 -8
48 82 -7
48 83 -26
48 88 -46
48 90 -22
48 91 -9
48 93 -40
48 97 -18
48 99 -19
48 100 -11
48 101 -12
48 103 -89
48 104 -37
48 105 -12
48 106 -82
48 108 -7
48 109 -17
48 110 -19
48 111 -15
48 112 -16
48 113 -18
48 114 -10
48 115 -44
48 121 -48
48 123 -22
48 124 -11
48 125 -29
48 126 -23
49 35 -5
49 36 -6
49 38 -7
49 40 -6
49 41 -44
49 43 -5
49 44 -21
49 45 -5
49 46 -7
49 47 -29
49 49 -6
49 53 -7
49 54 -6
49 59 -21
49 60 -5
49 61 -5
49 64 -7
49 65 -7
49 66 -7
49 67 -6
49 68 -7
49 69 -7
49 71 -6
49 72 -6
49 73 -7
49 74 -7
49 75 -7
49 76 -7
49 77 -7
49 78 -7
49 80 -7
49 81 -6
49 82 -7
49 83 -7
49 88 -7
49 90 -7
49 91 -10
49 93 -40
49 97 -7
49 98 -6
49 99 -7
49 100 -6
49 101 -6
49 103 -75
49 104 -7
49 105 -7
49 106 -10
49 108 -7
49 109 -7
49 110 -7
49 111 -7
49 112 -16
49 113 -7
49 114 -7
49 115 -7
49 117 -5
49 120 -7
49 121 -46
49 123 -7
49 124 -13
49 125 -29
49 126 -7
50 34 -57
50 35 -26
50 36 -6
50 37 -64
50 39 -57
50 41 -99
50 42 -55
50 43 -29
50 44 -19
50 45 -29
50 47 -26
50 48 -9
50 50 -30
50 51 -8
50 52 -59
50 55 -55
50 57 -56
50 59 -19
50 60 -12
50 63 -20
50 79 -9
50 84 -55
50 86 -55
50 87 -55
50 89 -55
50 92 -55
50 93 -95
50 94 -57
50 96 -55
50 102 -69
50 103 -68
50 106 -6
50 112 -9
50 116 -68
50 118 -66
50 119 -33
50 121 -41
50 122 -21
50 124 -5
50 125 -84
51 35 -17
51 36 -17
51 37 -9
51 38 -25
51 40 -25
51 41 -44
51 43 -25
51 44 -82
51 45 -25
51 46 -36
51 47 -85
51 48 -13
51 49 -6
51 53 -12
51 54 -25
51 58 -27
51 59 -82
51 60 -25
51 61 -25
51 62 -32
51 64 -25
51 65 -36
51 66 -28
51 67 -25
51 68 -20
51 69 -22
51 71 -25
51 72 -5
51 73 -26
51 74 -28
51 75 -22
51 76 -27
51 77 -36
51 78 -32
51 79 -25
51 80 -28
51 81 -25
51 82 -16
51 83 -25
51 85 -8
51 88 -36
51 90 -22
51 91 -11
51 93 -40
51 97 -25
51 98 -6
51 99 -25
51 100 -25
51 101 -25
51 102 -45
51 103 -93
51 104 -35
51 105 -21
51 106 -99
51 108 -7
51 109 -30
51 110 -27
51 111 -25
51 112 -34
51 113 -25
51 114 -25
51 115 -33
51 116 -41
51 117 -25
51 118 -33
51 119 -33
51 120 -35
51 121 -66
51 122 -40
51 123 -25
51 124 -13
51 125 -29
51 126 -25
52 35 -7
52 36 -16
52 38 -49
52 40 -12
52 41 -106
52 42 -21
52 43 -42
52 44 -146
52 45 -45
52 46 -130
52 47 -123
52 50 -22
52 51 -80
52 53 -12
52 54 -36
52 55 -102
52 59 -63
52 60 -32
52 63 -25
52 64 -16
52 65 -57
52 66 -21
52 67 -39
52 68 -11
52 69 -9
52 71 -14
52 73 -127
52 74 -128
52 75 -11
52 76 -14
52 77 -68
52 78 -26
52 80 -22
52 81 -10
52 82 -6
52 83 -76
52 84 -102
52 86 -32
52 87 -21
52 88 -98
52 89 -38
52 90 -106
52 91 -8
52 92 -30
52 93 -142
52 96 -45
52 97 -31
52 99 -41
52 100 -18
52 101 -23
52 103 -109
52 104 -44
52 105 -12
52 106 -135
52 108 -7
52 109 -19
52 110 -24
52 111 -30
52 112 -17
52 113 -32
52 114 -10
52 115 -52
52 121 -49
52 123 -57
52 124 -10
52 125 -131
52 126 -92
53 34 -17
53 35 -10
53 36 -10
53 37 -22
53 38 -10
53 39 -16
53 40 -10
53 41 -44
53 43 -10
53 44 -56
53 45 -10
53 46 -16
53 47 -62
53 48 -10
53 49 -8
53 52 -10
53 53 -11
53 54 -10
53 57 -5
53 58 -10
53 59 -56
53 60 -10
53 61 -11
53 62 -18
53 64 -10
53 65 -16
53 66 -13
53 67 -10
53 68 -11
53 69 -10
53 70 -7
53 71 -10
53 72 -6
53 73 -11
53 74 -12
53 75 -13
53 76 -12
53 77 -16
53 78 -16
53 79 -10
53 80 -13
53 81 -10
53 82 -13
53 83 -11
53 85 -10
53 88 -16
53 90 -12
53 91 -11
53 93 -40
53 94 -18
53 97 -10
53 98 -10
53 99 -10
53 100 -10
53 101 -10
53 102 -24
53 103 -78
53 104 -16
53 105 -13
53 106 -51
53 107 -5
53 108 -8
53 109 -15
53 110 -12
53 111 -10
53 112 -19
53 113 -10
53 114 -10
53 115 -14
53 116 -26
53 117 -10
53 118 -24
53 119 -20
53 120 -15
53 121 -51
53 122 -12
53 123 -10
53 124 -15
53 125 -29
53 126 -10
54 34 -45
54 37 -21
54 39 -44
54 41 -70
54 42 -26
54 44 -43
54 47 -48
54 50 -28
54 51 -10
54 52 -14
54 55 -26
54 57 -33
54 59 -43
54 62 -5
54 63 -23
54 84 -26
54 86 -26
54 87 -26
54 89 -26
54 92 -26
54 93 -66
54 94 -43
54 96 -26
54 102 -22
54 103 -68
54 106 -35
54 112 -9
54 116 -24
54 118 -21
54 119 -14
54 121 -41
54 122 -15
54 124 -7
54 125 -55
55 35 -8
55 36 -16
55 38 -32
55 40 -21
55 41 -44
55 43 -20
55 44 -64
55 45 -21
55 46 -43
55 47 -72
55 48 -6
55 49 -6
55 53 -12
55 54 -29
55 58 -8
55 59 -64
55 60 -20
55 61 -11
55 64 -23
55 65 -43
55 66 -27
55 67 -30
55 68 -16
55 69 -17
55 71 -20
55 72 -5
55 73 -29
55 74 -39
55 75 -16
55 76 -21
55 77 -43
55 78 -35
55 79 -10
55 80 -28
55 81 -20
55 82 -11
55 83 -37
55 85 -5
55 88 -43
55 90 -22
55 91 -11
55 93 -40
55 97 -31
55 98 -6
55 99 -32
55 100 -23
55 101 -26
55 103 -101
55 104 -44
55 105 -17
55 106 -53
55 108 -7
55 109 -28
55 110 -32
55 111 -29
55 112 -25
55 113 -31
55 114 -15
55 115 -42
55 117 -8
55 120 -7
55 121 -52
55 122 -5
55 123 -34
55 124 -13
55 125 -29
55 126 -34
56 34 -26
56 37 -34
56 39 -26
56 41 -68
56 42 -24
56 44 -30
56 47 -37
56 50 -24
56 51 -8
56 52 -28
56 55 -24
56 57 -25
56 59 -30
56 63 -20
56 84 -24
56 86 -24
56 87 -24
56 89 -24
56 92 -24
56 93 -64
56 94 -26
56 96 -24
56 102 -47
56 103 -68
56 106 -17
56 112 -9
56 116 -49
56 118 -33
56 119 -20
56 121 -41
56 122 -21
56 124 -7
56 125 -53
57 38 -7
57 41 -72
57 42 -10
57 44 -39
57 46 -26
57 47 -47
57 50 -8
57 51 -25
57 53 -12
57 54 -5
57 55 -20
57 59 -39
57 63 -24
57 65 -24
57 66 -11
57 67 -5
57 73 -11
57 74 -19
57 75 -8
57 76 -7
57 77 -26
57 78 -17
57 80 -10
57 82 -5
57 83 -10
57 84 -22
57 86 -30
57 87 -24
57 88 -26
57 89 -30
57 90 -13
57 91 -6
57 92 -27
57 93 -63
57 96 -29
57 97 -6
57 99 -7
57 103 -76
57 104 -24
57 105 -8
57 106 -27
57 108 -6
57 109 -11
57 110 -10
57 111 -5
57 112 -12
57 113 -6
57 115 -26
57 121 -42
57 123 -8
57 124 -9
57 125 -54
57 126 -8
58 34 -32
58 35 -8
58 39 -32
58 41 -124
58 42 -23
58 43 -6
58 44 -28
58 45 -7
58 47 -34
58 50 -30
58 51 -8
58 55 -133
58 57 -9
58 59 -28
58 63 -20
58 84 -92
58 86 -46
58 87 -66
58 89 -52
58 92 -41
58 93 -183
58 94 -31
58 96 -79
58 103 -68
58 106 -19
58 112 -9
58 121 -41
58 124 -7
58 125 -145
59 34 -30
59 35 -6
59 39 -30
59 41 -116
59 42 -21
59 44 -29
59 45 -5
59 47 -36
59 50 -33
59 51 -11
59 55 -136
59 56 -7
59 57 -7
59 59 -29
59 63 -23
59 84 -95
59 86 -44
59 87 -67
59 89 -50
59 91 -5
59 92 -39
59 93 -186
59 94 -29
59 95 -76
59 96 -77
59 103 -71
59 106 -17
59 112 -12
59 121 -44
59 124 -9
59 125 -145
60 35 -7
60 36 -16
60 38 -15
60 40 -12
60 41 -106
60 42 -21
60 43 -38
60 44 -28
60 45 -43
60 46 -15
60 47 -36
60 50 -23
60 51 -23
60 53 -12
60 54 -15
60 55 -148
60 59 -28
60 60 -31
60 63 -25
60 64 -14
60 65 -15
60 66 -15
60 67 -15
60 68 -11
60 69 -9
60 71 -14
60 73 -15
60 74 -15
60 75 -11
60 76 -14
60 77 -15
60 78 -15
60 80 -15
60 81 -10
60 82 -6
60 83 -15
60 84 -107
60 86 -32
60 87 -22
60 88 -15
60 89 -38
60 90 -15
60 91 -8
60 92 -30
60 93 -198
60 96 -46
60 97 -15
60 99 -15
60 100 -15
60 101 -15
60 103 -83
60 104 -15
60 105 -11
60 106 -17
60 108 -7
60 109 -15
60 110 -15
60 111 -15
60 112 -16
60 113 -15
60 114 -10
60 115 -15
60 121 -48
60 123 -15
60 124 -10
60 125 -141
60 126 -15
61 34 -65
61 37 -10
61 39 -65
61 41 -135
61 42 -31
61 44 -35
61 47 -40
61 50 -30
61 51 -8
61 52 -10
61 55 -133
61 57 -27
61 59 -35
61 63 -20
61 84 -92
61 86 -56
61 87 -60
61 89 -65
61 92 -52
61 93 -184
61 94 -64
61 96 -112
61 102 -10
61 103 -68
61 106 -35
61 112 -9
61 116 -10
61 118 -10
61 119 -10
61 121 -41
61 122 -10
61 124 -7
61 125 -147
62 34 -110
62 39 -110
62 41 -138
62 42 -46
62 44 -74
62 46 -38
62 47 -75
62 50 -45
62 51 -45
62 53 -12
62 55 -140
62 57 -55
62 59 -63
62 62 -11
62 63 -24
62 65 -23
62 66 -7
62 73 -11
62 74 -17
62 75 -5
62 77 -28
62 78 -13
62 80 -7
62 83 -10
62 84 -106
62 86 -71
62 87 -57
62 88 -37
62 89 -81
62 90 -12
62 91 -5
62 92 -53
62 93 -188
62 94 -109
62 96 -156
62 103 -72
62 104 -21
62 105 -5
62 106 -127
62 108 -5
62 109 -9
62 110 -5
62 112 -10
62 115 -31
62 118 -9
62 119 -6
62 120 -15
62 121 -41
62 123 -5
62 124 -8
62 125 -146
62 126 -6
63 35 -9
63 36 -16
63 37 -5
63 38 -40
63 40 -42
63 41 -44
63 43 -113
63 44 -158
63 45 -142
63 46 -145
63 47 -161
63 48 -9
63 49 -6
63 53 -12
63 54 -67
63 58 -34
63 59 -97
63 60 -90
63 61 -47
63 62 -10
63 64 -43
63 65 -86
63 66 -30
63 67 -86
63 68 -18
63 69 -19
63 71 -39
63 72 -5
63 73 -29
63 74 -145
63 75 -17
63 76 -23
63 77 -98
63 78 -36
63 79 -19
63 80 -33
63 81 -39
63 82 -13
63 83 -77
63 85 -6
63 88 -58
63 90 -22
63 91 -11
63 93 -40
63 97 -82
63 98 -6
63 99 -99
63 100 -61
63 101 -66
63 102 -15
63 103 -166
63 104 -46
63 105 -21
63 106 -147
63 108 -7
63 109 -46
63 110 -54
63 111 -85
63 112 -38
63 113 -80
63 114 -23
63 115 -81
63 116 -14
63 117 -15
63 118 -11
63 119 -11
63 120 -15
63 121 -59
63 122 -20
63 123 -65
63 124 -13
63 125 -29
63 126 -145
64 41 -87
64 42 -19
64 44 -46
64 46 -8
64 47 -50
64 50 -15
64 51 -16
64 55 -32
64 59 -46
64 63 -24
64 65 -8
64 66 -5
64 75 -5
64 77 -8
64 78 -8
64 80 -5
64 84 -34
64 86 -36
64 87 -25
64 88 -8
64 89 -38
64 91 -5
64 92 -31
64 93 -76
64 95 -99
64 96 -43
64 103 -70
64 104 -9
64 105 -5
64 106 -33
64 108 -5
64 109 -7
64 112 -10
64 115 -7
64 121 -41
64 124 -8
64 125 -70
65 34 -32
65 35 -7
65 37 -25
65 39 -32
65 41 -101
65 42 -44
65 43 -7
65 44 -13
65 45 -7
65 47 -22
65 48 -9
65 50 -30
65 51 -8
65 52 -25
65 55 -50
65 57 -27
65 59 -13
65 60 -6
65 63 -20
65 79 -8
65 84 -51
65 86 -58
65 87 -55
65 89 -58
65 92 -58
65 93 -93
65 94 -32
65 96 -57
65 102 -25
65 103 -68
65 107 -5
65 112 -9
65 116 -25
65 118 -25
65 119 -25
65 121 -41
65 122 -21
65 124 -5
65 125 -83
66 35 -17
66 36 -18
66 37 -10
66 38 -40
66 40 -55
66 41 -44
66 43 -77
66 44 -119
66 45 -77
66 46 -78
66 47 -126
66 48 -14
66 49 -7
66 53 -12
66 54 -77
66 58 -61
66 59 -119
66 60 -77
66 61 -77
66 62 -28
66 64 -54
66 65 -78
66 66 -33
66 67 -77
66 68 -20
66 69 -23
66 71 -60
66 72 -6
66 73 -29
66 74 -77
66 75 -22
66 76 -27
66 77 -78
66 78 -39
66 79 -29
66 80 -37
66 81 -50
66 82 -17
66 83 -77
66 85 -8
66 88 -58
66 90 -22
66 91 -11
66 93 -40
66 97 -77
66 98 -7
66 99 -77
66 100 -77
66 101 -77
66 102 -38
66 103 -145
66 104 -46
66 105 -21
66 106 -117
66 108 -8
66 109 -62
66 110 -70
66 111 -77
66 112 -62
66 113 -77
66 114 -40
66 115 -77
66 116 -36
66 117 -32
66 118 -29
66 119 -29
66 120 -33
66 121 -78
66 122 -49
66 123 -68
66 124 -13
66 125 -29
66 126 -77
67 34 -18
67 35 -17
67 36 -13
67 37 -23
67 38 -13
67 39 -17
67 40 -13
67 41 -44
67 43 -20
67 44 -44
67 45 -19
67 46 -13
67 47 -50
67 48 -17
67 49 -8
67 52 -10
67 53 -13
67 54 -13
67 57 -6
67 58 -14
67 59 -44
67 60 -13
67 61 -13
67 62 -15
67 64 -13
67 65 -13
67 66 -13
67 67 -13
67 68 -13
67 69 -13
67 70 -7
67 71 -13
67 72 -6
67 73 -13
67 74 -13
67 75 -13
67 76 -13
67 77 -13
67 78 -13
67 79 -16
67 80 -13
67 81 -13
67 82 -13
67 83 -13
67 85 -11
67 88 -13
67 90 -13
67 91 -11
67 93 -40
67 94 -20
67 97 -13
67 98 -11
67 99 -13
67 100 -13
67 101 -13
67 102 -87
67 103 -81
67 104 -13
67 105 -13
67 106 -39
67 107 -5
67 108 -9
67 109 -13
67 110 -13
67 111 -13
67 112 -22
67 113 -13
67 114 -13
67 115 -13
67 116 -91
67 117 -13
67 118 -68
67 119 -46
67 120 -13
67 121 -54
67 122 -34
67 123 -13
67 124 -15
67 125 -29
67 126 -13
68 35 -7
68 36 -16
68 38 -40
68 40 -21
68 41 -44
68 43 -28
68 44 -136
68 45 -29
68 46 -94
68 47 -126
68 49 -5
68 53 -12
68 54 -39
68 58 -6
68 59 -69
68 60 -27
68 61 -11
68 64 -26
68 65 -65
68 66 -25
68 67 -42
68 68 -13
68 69 -14
68 71 -22
68 73 -29
68 74 -78
68 75 -14
68 76 -18
68 77 -77
68 78 -33
68 79 -7
68 80 -26
68 81 -19
68 82 -9
68 83 -71
68 88 -58
68 90 -22
68 91 -10
68 93 -40
68 97 -39
68 99 -44
68 100 -27
68 101 -32
68 103 -114
68 104 -46
68 105 -14
68 106 -142
68 108 -7
68 109 -27
68 110 -33
68 111 -38
68 112 -23
68 113 -41
68 114 -12
68 115 -59
68 117 -5
68 120 -5
68 121 -49
68 123 -60
68 124 -12
68 125 -29
68 126 -60
69 34 -17
69 35 -27
69 36 -21
69 37 -23
69 38 -21
69 39 -16
69 40 -21
69 41 -44
69 43 -27
69 44 -44
69 45 -27
69 46 -21
69 47 -51
69 48 -27
69 49 -8
69 52 -10
69 53 -14
69 54 -21
69 57 -6
69 58 -22
69 59 -44
69 60 -27
69 61 -21
69 62 -23
69 64 -21
69 65 -21
69 66 -21
69 67 -21
69 68 -21
69 69 -21
69 70 -7
69 71 -21
69 72 -6
69 73 -21
69 74 -21
69 75 -21
69 76 -21
69 77 -21
69 78 -21
69 79 -26
69 80 -21
69 81 -21
69 82 -21
69 83 -21
69 85 -11
69 88 -21
69 90 -21
69 91 -11
69 93 -40
69 94 -18
69 97 -21
69 98 -11
69 99 -21
69 100 -21
69 101 -21
69 102 -27
69 103 -89
69 104 -21
69 105 -21
69 106 -31
69 107 -5
69 108 -8
69 109 -21
69 110 -21
69 111 -21
69 112 -30
69 113 -21
69 114 -21
69 115 -21
69 116 -27
69 117 -21
69 118 -27
69 119 -27
69 120 -21
69 121 -62
69 122 -27
69 123 -21
69 124 -15
69 125 -29
69 126 -21
70 34 -17
70 35 -20
70 36 -32
70 37 -13
70 38 -40
70 39 -16
70 40 -22
70 41 -44
70 43 -26
70 44 -190
70 45 -27
70 46 -177
70 47 -124
70 48 -13
70 49 -8
70 52 -10
70 53 -14
70 54 -34
70 57 -5
70 58 -13
70 59 -76
70 60 -23
70 61 -14
70 62 -13
70 64 -23
70 65 -62
70 66 -32
70 67 -39
70 68 -19
70 69 -20
70 70 -7
70 71 -20
70 72 -6
70 73 -29
70 74 -166
70 75 -22
70 76 -23
70 77 -75
70 78 -36
70 79 -13
70 80 -30
70 81 -19
70 82 -18
70 83 -89
70 85 -11
70 88 -58
70 90 -22
70 91 -11
70 93 -40
70 94 -18
70 97 -34
70 98 -11
70 99 -41
70 100 -23
70 101 -27
70 102 -13
70 103 -110
70 104 -47
70 105 -21
70 106 -154
70 107 -5
70 108 -8
70 109 -28
70 110 -31
70 111 -32
70 112 -26
70 113 -40
70 114 -20
70 115 -65
70 116 -13
70 117 -15
70 118 -13
70 119 -13
70 120 -17
70 121 -59
70 122 -13
70 123 -68
70 124 -15
70 125 -29
70 126 -72
71 34 -17
71 35 -23
71 36 -23
71 37 -23
71 38 -23
71 39 -16
71 40 -23
71 41 -44
71 43 -23
71 44 -41
71 45 -23
71 46 -25
71 47 -50
71 48 -23
71 49 -8
71 52 -10
71 53 -14
71 54 -23
71 57 -6
71 58 -24
71 59 -41
71 60 -23
71 61 -23
71 62 -27
71 64 -23
71 65 -25
71 66 -25
71 67 -23
71 68 -23
71 69 -23
71 70 -7
71 71 -23
71 72 -6
71 73 -23
71 74 -24
71 75 -22
71 76 -24
71 77 -25
71 78 -25
71 79 -23
71 80 -25
71 81 -23
71 82 -25
71 83 -23
71 85 -11
71 88 -25
71 90 -22
71 91 -11
71 93 -40
71 94 -19
71 97 -23
71 98 -11
71 99 -23
71 100 -23
71 101 -23
71 102 -32
71 103 -91
71 104 -25
71 105 -21
71 106 -30
71 107 -5
71 108 -8
71 109 -25
71 110 -24
71 111 -23
71 112 -32
71 113 -23
71 114 -23
71 115 -24
71 116 -35
71 117 -23
71 118 -38
71 119 -38
71 120 -25
71 121 -64
71 122 -29
71 123 -23
71 124 -15
71 125 -29
71 126 -23
72 35 -11
72 36 -13
72 37 -6
72 38 -14
72 40 -13
72 41 -44
72 43 -11
72 44 -32
72 45 -12
72 46 -17
72 47 -40
72 48 -8
72 49 -8
72 53 -13
72 54 -14
72 58 -8
72 59 -32
72 60 -12
72 61 -11
72 62 -6
72 64 -14
72 65 -17
72 66 -17
72 67 -14
72 68 -15
72 69 -15
72 70 -6
72 71 -13
72 72 -6
72 73 -15
72 74 -16
72 75 -17
72 76 -16
72 77 -17
72 78 -17
72 79 -10
72 80 -17
72 81 -13
72 82 -14
72 83 -15
72 85 -8
72 88 -17
72 90 -16
72 91 -11
72 93 -40
72 97 -15
72 98 -8
72 99 -15
72 100 -13
72 101 -13
72 102 -7
72 103 -83
72 104 -17
72 105 -17
72 106 -21
72 107 -5
72 108 -8
72 109 -17
72 110 -16
72 111 -14
72 112 -23
72 113 -14
72 114 -14
72 115 -17
72 116 -6
72 117 -11
72 118 -6
72 119 -6
72 120 -10
72 121 -53
72 122 -7
72 123 -15
72 124 -15
72 125 -29
72 126 -15
73 34 -58
73 35 -47
73 36 -15
73 37 -64
73 39 -57
73 41 -85
73 42 -41
73 43 -58
73 44 -13
73 45 -52
73 47 -22
73 48 -9
73 50 -30
73 51 -8
73 52 -51
73 55 -41
73 57 -47
73 59 -13
73 60 -21
73 63 -20
73 79 -9
73 84 -41
73 85 -5
73 86 -41
73 87 -41
73 89 -41
73 92 -41
73 93 -81
73 94 -59
73 96 -41
73 102 -74
73 103 -68
73 107 -5
73 112 -9
73 116 -82
73 118 -68
73 119 -33
73 121 -41
73 122 -21
73 124 -5
73 125 -70
74 35 -12
74 36 -16
74 37 -6
74 38 -22
74 40 -16
74 41 -44
74 43 -13
74 44 -76
74 45 -13
74 46 -34
74 47 -83
74 48 -8
74 49 -8
74 52 -5
74 53 -14
74 54 -20
74 58 -8
74 59 -71
74 60 -13
74 61 -10
74 62 -6
74 64 -17
74 65 -36
74 66 -25
74 67 -20
74 68 -17
74 69 -16
74 70 -6
74 71 -15
74 72 -6
74 73 -27
74 74 -30
74 75 -19
74 76 -20
74 77 -35
74 78 -32
74 79 -10
74 80 -24
74 81 -15
74 82 -14
74 83 -27
74 85 -8
74 88 -34
74 90 -22
74 91 -11
74 93 -40
74 97 -21
74 98 -8
74 99 -22
74 100 -16
74 101 -17
74 102 -7
74 103 -91
74 104 -35
74 105 -20
74 106 -63
74 107 -5
74 108 -8
74 109 -24
74 110 -25
74 111 -19
74 112 -23
74 113 -21
74 114 -17
74 115 -32
74 116 -6
74 117 -11
74 118 -6
74 119 -6
74 120 -10
74 121 -55
74 122 -7
74 123 -23
74 124 -15
74 125 -29
74 126 -24
75 34 -12
75 35 -38
75 36 -16
75 37 -21
75 38 -6
75 39 -11
75 40 -6
75 41 -44
75 43 -41
75 44 -21
75 45 -41
75 46 -6
75 47 -30
75 48 -15
75 49 -6
75 52 -10
75 53 -6
75 54 -6
75 57 -5
75 58 -7
75 59 -21
75 60 -23
75 61 -6
75 62 -8
75 64 -6
75 65 -6
75 66 -6
75 67 -6
75 68 -6
75 69 -6
75 70 -6
75 71 -6
75 72 -6
75 73 -6
75 74 -6
75 75 -6
75 76 -6
75 77 -6
75 78 -6
75 79 -15
75 80 -6
75 81 -6
75 82 -6
75 83 -6
75 85 -9
75 88 -6
75 90 -6
75 91 -8
75 93 -40
75 94 -11
75 97 -6
75 98 -6
75 99 -6
75 100 -6
75 101 -6
75 102 -70
75 103 -74
75 104 -6
75 105 -6
75 106 -10
75 107 -5
75 108 -6
75 109 -6
75 110 -6
75 111 -6
75 112 -15
75 113 -6
75 114 -6
75 115 -6
75 116 -68
75 117 -6
75 118 -63
75 119 -39
75 120 -6
75 121 -47
75 122 -27
75 123 -6
75 124 -11
75 125 -29
75 126 -6
76 34 -133
76 35 -41
76 36 -13
76 37 -71
76 39 -133
76 41 -120
76 42 -127
76 43 -48
76 44 -14
76 45 -44
76 47 -22
76 48 -9
76 50 -30
76 51 -8
76 52 -109
76 55 -127
76 57 -132
76 59 -14
76 60 -18
76 63 -20
76 79 -9
76 84 -92
76 86 -102
76 87 -74
76 89 -88
76 92 -100
76 93 -167
76 94 -133
76 96 -127
76 102 -74
76 103 -68
76 112 -9
76 116 -82
76 118 -68
76 119 -33
76 121 -41
76 122 -21
76 124 -5
76 125 -140
77 41 -47
77 44 -22
77 47 -30
77 59 -22
77 91 -6
77 93 -40
77 103 -71
77 106 -11
77 112 -11
77 121 -42
77 124 -9
77 125 -29
78 35 -9
78 36 -17
78 38 -19
78 40 -14
78 41 -44
78 43 -11
78 44 -65
78 45 -11
78 46 -29
78 47 -71
78 48 -6
78 49 -6
78 53 -12
78 54 -19
78 58 -6
78 59 -65
78 60 -11
78 61 -8
78 64 -16
78 65 -31
78 66 -23
78 67 -19
78 68 -15
78 69 -14
78 71 -13
78 72 -6
78 73 -23
78 74 -25
78 75 -17
78 76 -18
78 77 -30
78 78 -30
78 79 -8
78 80 -22
78 81 -12
78 82 -11
78 83 -23
78 85 -5
78 88 -30
78 90 -22
78 91 -11
78 93 -40
78 97 -20
78 98 -7
78 99 -20
78 100 -14
78 101 -16
78 102 -5
78 103 -89
78 104 -30
78 105 -17
78 106 -53
78 108 -8
78 109 -22
78 110 -23
78 111 -18
78 112 -22
78 113 -19
78 114 -15
78 115 -28
78 117 -8
78 120 -7
78 121 -52
78 122 -5
78 123 -20
78 124 -14
78 125 -29
78 126 -21
79 35 -7
79 36 -16
79 38 -37
79 40 -17
79 41 -44
79 43 -23
79 44 -114
79 45 -23
79 46 -86
79 47 -115
79 53 -12
79 54 -31
79 59 -66
79 60 -19
79 61 -7
79 64 -19
79 65 -60
79 66 -23
79 67 -34
79 68 -12
79 69 -12
79 71 -17
79 73 -29
79 74 -56
79 75 -13
79 76 -16
79 77 -68
79 78 -30
79 79 -5
79 80 -24
79 81 -16
79 82 -8
79 83 -50
79 88 -58
79 90 -22
79 91 -9
79 93 -40
79 97 -31
79 99 -35
79 100 -21
79 101 -24
79 103 -105
79 104 -46
79 105 -14
79 106 -128
79 108 -7
79 109 -23
79 110 -29
79 111 -29
79 112 -20
79 113 -34
79 114 -12
79 115 -56
79 121 -49
79 123 -45
79 124 -11
79 125 -29
79 126 -46
80 35 -9
80 36 -16
80 37 -5
80 38 -40
80 40 -42
80 41 -44
80 43 -99
80 44 -220
80 45 -111
80 46 -202
80 47 -161
80 48 -9
80 49 -6
80 53 -12
80 54 -67
80 58 -28
80 59 -91
80 60 -88
80 61 -39
80 62 -11
80 64 -43
80 65 -86
80 66 -30
80 67 -84
80 68 -18
80 69 -19
80 71 -39
80 72 -5
80 73 -29
80 74 -164
80 75 -17
80 76 -23
80 77 -99
80 78 -36
80 79 -21
80 80 -33
80 81 -39
80 82 -14
80 83 -77
80 85 -6
80 88 -58
80 90 -22
80 91 -11
80 93 -40
80 97 -76
80 98 -6
80 99 -90
80 100 -58
80 101 -59
80 102 -16
80 103 -158
80 104 -46
80 105 -21
80 106 -155
80 108 -7
80 109 -45
80 110 -53
80 111 -77
80 112 -39
80 113 -74
80 114 -23
80 115 -81
80 116 -15
80 117 -15
80 118 -11
80 119 -11
80 120 -15
80 121 -59
80 122 -21
80 123 -65
80 124 -13
80 125 -29
80 126 -150
81 34 -40
81 35 -35
81 36 -17
81 37 -42
81 39 -40
81 41 -84
81 42 -40
81 43 -38
81 44 -13
81 45 -36
81 47 -21
81 48 -9
81 50 -30
81 51 -8
81 52 -41
81 55 -40
81 57 -40
81 59 -13
81 60 -23
81 63 -20
81 79 -9
81 84 -40
81 85 -6
81 86 -40
81 87 -40
81 89 -40
81 92 -40
81 93 -80
81 94 -40
81 96 -40
81 102 -45
81 103 -68
81 107 -5
81 112 -9
81 116 -44
81 118 -43
81 119 -33
81 121 -41
81 122 -21
81 124 -5
81 125 -69
82 35 -7
82 36 -16
82 38 -40
82 40 -26
82 41 -44
82 43 -60
82 44 -53
82 45 -62
82 46 -40
82 47 -61
82 49 -5
82 53 -12
82 54 -40
82 58 -11
82 59 -53
82 60 -54
82 61 -19
82 64 -30
82 65 -40
82 66 -26
82 67 -40
82 68 -14
82 69 -15
82 71 -26
82 73 -29
82 74 -40
82 75 -14
82 76 -19
82 77 -40
82 78 -33
82 79 -9
82 80 -27
82 81 -25
82 82 -9
82 83 -40
82 88 -40
82 90 -22
82 91 -10
82 93 -40
82 97 -40
82 98 -5
82 99 -40
82 100 -36
82 101 -40
82 103 -108
82 104 -40
82 105 -15
82 106 -42
82 108 -7
82 109 -30
82 110 -38
82 111 -40
82 112 -25
82 113 -40
82 114 -13
82 115 -40
82 117 -6
82 120 -5
82 121 -50
82 122 -6
82 123 -40
82 124 -12
82 125 -29
82 126 -40
83 34 -15
83 35 -56
83 36 -30
83 37 -22
83 38 -40
83 39 -14
83 40 -56
83 41 -44
83 43 -56
83 44 -111
83 45 -56
83 46 -66
83 47 -115
83 48 -26
83 49 -8
83 52 -10
83 53 -13
83 54 -56
83 57 -5
83 58 -56
83 59 -111
83 60 -56
83 61 -57
83 62 -70
83 64 -56
83 65 -67
83 66 -36
83 67 -56
83 68 -23
83 69 -36
83 70 -6
83 71 -56
83 72 -6
83 73 -29
83 74 -60
83 75 -22
83 76 -39
83 77 -67
83 78 -42
83 79 -48
83 80 -41
83 81 -56
83 82 -27
83 83 -57
83 85 -10
83 88 -58
83 90 -22
83 91 -11
83 93 -40
83 94 -16
83 97 -56
83 98 -10
83 99 -56
83 100 -56
83 101 -56
83 102 -79
83 103 -125
83 104 -47
83 105 -21
83 106 -108
83 107 -5
83 108 -8
83 109 -62
83 110 -58
83 111 -56
83 112 -66
83 113 -56
83 114 -56
83 115 -63
83 116 -81
83 117 -56
83 118 -73
83 119 -68
83 120 -65
83 121 -97
83 122 -67
83 123 -56
83 124 -15
83 125 -29
83 126 -56
84 34 -16
84 35 -106
84 36 -31
84 37 -22
84 38 -40
84 39 -15
84 40 -73
84 41 -44
84 43 -163
84 44 -198
84 45 -163
84 46 -176
84 47 -193
84 48 -26
84 49 -8
84 52 -10
84 53 -13
84 54 -137
84 57 -5
84 58 -156
84 59 -198
84 60 -163
84 61 -159
84 62 -154
84 64 -95
84 65 -112
84 66 -36
84 67 -141
84 68 -23
84 69 -36
84 70 -6
84 71 -89
84 72 -6
84 73 -29
84 74 -166
84 75 -22
84 76 -39
84 77 -116
84 78 -41
84 79 -48
84 80 -41
84 81 -77
84 82 -24
84 83 -95
84 85 -10
84 88 -58
84 90 -22
84 91 -11
84 93 -40
84 94 -16
84 97 -169
84 98 -11
84 99 -169
84 100 -166
84 101 -167
84 102 -105
84 103 -238
84 104 -47
84 105 -21
84 106 -155
84 107 -5
84 108 -8
84 109 -174
84 110 -172
84 111 -168
84 112 -174
84 113 -168
84 114 -166
84 115 -173
84 116 -96
84 117 -159
84 118 -154
84 119 -154
84 120 -158
84 121 -203
84 122 -156
84 123 -72
84 124 -15
84 125 -29
84 126 -170
85 35 -10
85 36 -17
85 37 -5
85 38 -32
85 40 -23
85 41 -44
85 43 -21
85 44 -100
85 45 -22
85 46 -59
85 47 -108
85 48 -7
85 49 -7
85 53 -12
85 54 -29
85 58 -11
85 59 -74
85 60 -21
85 61 -13
85 62 -5
85 64 -25
85 65 -56
85 66 -29
85 67 -30
85 68 -18
85 69 -19
85 71 -22
85 72 -6
85 73 -29
85 74 -50
85 75 -18
85 76 -22
85 77 -59
85 78 -37
85 79 -11
85 80 -30
85 81 -22
85 82 -13
85 83 -47
85 85 -7
85 88 -58
85 90 -22
85 91 -11
85 93 -40
85 97 -31
85 98 -7
85 99 -32
85 100 -25
85 101 -27
85 102 -6
85 103 -102
85 104 -47
85 105 -19
85 106 -91
85 108 -8
85 109 -30
85 110 -33
85 111 -29
85 112 -27
85 113 -31
85 114 -17
85 115 -56
85 116 -6
85 117 -10
85 118 -5
85 119 -5
85 120 -9
85 121 -54
85 122 -7
85 123 -47
85 124 -14
85 125 -29
85 126 -45
86 34 -14
86 35 -31
86 36 -30
86 37 -22
86 38 -40
86 39 -13
86 40 -62
86 41 -44
86 43 -70
86 44 -151
86 45 -71
86 46 -110
86 47 -157
86 48 -27
86 49 -8
86 52 -10
86 53 -13
86 54 -82
86 57 -5
86 58 -47
86 59 -110
86 60 -69
86 61 -54
86 62 -34
86 64 -67
86 65 -110
86 66 -36
86 67 -84
86 68 -23
86 69 -36
86 70 -7
86 71 -63
86 72 -6
86 73 -29
86 74 -103
86 75 -22
86 76 -39
86 77 -111
86 78 -41
86 79 -43
86 80 -41
86 81 -62
86 82 -25
86 83 -93
86 85 -10
86 88 -58
86 90 -22
86 91 -11
86 93 -40
86 94 -13
86 97 -82
86 98 -11
86 99 -85
86 100 -71
86 101 -75
86 102 -39
86 103 -155
86 104 -47
86 105 -21
86 106 -139
86 107 -5
86 108 -8
86 109 -67
86 110 -74
86 111 -80
86 112 -61
86 113 -84
86 114 -47
86 115 -101
86 116 -38
86 117 -39
86 118 -35
86 119 -35
86 120 -39
86 121 -83
86 122 -43
86 123 -74
86 124 -15
86 125 -29
86 126 -93
87 34 -12
87 35 -37
87 36 -28
87 37 -22
87 38 -40
87 39 -11
87 40 -54
87 41 -44
87 43 -58
87 44 -136
87 45 -59
87 46 -94
87 47 -143
87 48 -27
87 49 -8
87 52 -10
87 53 -14
87 54 -70
87 57 -6
87 58 -39
87 59 -102
87 60 -59
87 61 -45
87 62 -30
87 64 -58
87 65 -94
87 66 -37
87 67 -71
87 68 -23
87 69 -36
87 70 -9
87 71 -55
87 72 -6
87 73 -29
87 74 -87
87 75 -22
87 76 -39
87 77 -94
87 78 -42
87 79 -38
87 80 -42
87 81 -53
87 82 -24
87 83 -83
87 85 -11
87 88 -58
87 90 -22
87 91 -11
87 93 -40
87 94 -11
87 97 -70
87 98 -11
87 99 -73
87 100 -61
87 101 -65
87 102 -31
87 103 -142
87 104 -47
87 105 -21
87 106 -124
87 107 -5
87 108 -9
87 109 -59
87 110 -66
87 111 -68
87 112 -54
87 113 -72
87 114 -42
87 115 -92
87 116 -31
87 117 -35
87 118 -30
87 119 -30
87 120 -34
87 121 -79
87 122 -35
87 123 -74
87 124 -15
87 125 -29
87 126 -79
88 34 -16
88 35 -55
88 36 -33
88 37 -22
88 38 -40
88 39 -15
88 40 -56
88 41 -44
88 43 -88
88 44 -69
88 45 -87
88 46 -56
88 47 -77
88 48 -27
88 49 -8
88 52 -10
88 53 -14
88 54 -56
88 57 -5
88 58 -57
88 59 -69
88 60 -78
88 61 -56
88 62 -58
88 64 -56
88 65 -56
88 66 -36
88 67 -56
88 68 -23
88 69 -36
88 70 -6
88 71 -56
88 72 -6
88 73 -29
88 74 -56
88 75 -22
88 76 -39
88 77 -56
88 78 -42
88 79 -48
88 80 -42
88 81 -56
88 82 -26
88 83 -56
88 85 -11
88 88 -56
88 90 -22
88 91 -11
88 93 -40
88 94 -18
88 97 -56
88 98 -11
88 99 -56
88 100 -56
88 101 -56
88 102 -85
88 103 -124
88 104 -47
88 105 -21
88 106 -58
88 107 -5
88 108 -8
88 109 -56
88 110 -56
88 111 -56
88 112 -65
88 113 -56
88 114 -56
88 115 -56
88 116 -82
88 117 -57
88 118 -74
88 119 -74
88 120 -56
88 121 -97
88 122 -77
88 123 -56
88 124 -15
88 125 -29
88 126 -56
89 34 -17
89 35 -46
89 36 -34
89 37 -22
89 38 -40
89 39 -15
89 40 -74
89 41 -44
89 43 -102
89 44 -121
89 45 -102
89 46 -107
89 47 -129
89 48 -27
89 49 -8
89 52 -10
89 53 -13
89 54 -102
89 57 -5
89 58 -68
89 59 -121
89 60 -102
89 61 -78
89 62 -51
89 64 -84
89 65 -107
89 66 -36
89 67 -102
89 68 -23
89 69 -36
89 70 -6
89 71 -79
89 72 -6
89 73 -29
89 74 -106
89 75 -22
89 76 -39
89 77 -107
89 78 -42
89 79 -49
89 80 -41
89 81 -79
89 82 -27
89 83 -97
89 85 -10
89 88 -58
89 90 -22
89 91 -11
89 93 -40
89 94 -19
89 97 -103
89 98 -11
89 99 -103
89 100 -97
89 101 -101
89 102 -56
89 103 -172
89 104 -47
89 105 -21
89 106 -110
89 107 -5
89 108 -8
89 109 -86
89 110 -94
89 111 -103
89 112 -79
89 113 -103
89 114 -63
89 115 -107
89 116 -55
89 117 -55
89 118 -51
89 119 -51
89 120 -55
89 121 -99
89 122 -62
89 123 -73
89 124 -15
89 125 -29
89 126 -103
90 35 -18
90 36 -8
90 37 -12
90 38 -8
90 40 -8
90 41 -44
90 43 -25
90 44 -32
90 45 -23
90 46 -8
90 47 -39
90 48 -15
90 49 -8
90 53 -8
90 54 -8
90 58 -9
90 59 -32
90 60 -14
90 61 -8
90 62 -10
90 64 -8
90 65 -8
90 66 -8
90 67 -8
90 68 -8
90 69 -8
90 70 -5
90 71 -8
90 72 -6
90 73 -8
90 74 -8
90 75 -8
90 76 -8
90 77 -8
90 78 -8
90 79 -12
90 80 -8
90 81 -8
90 82 -8
90 83 -8
90 85 -8
90 88 -8
90 90 -8
90 91 -10
90 93 -40
90 97 -8
90 98 -7
90 99 -8
90 100 -8
90 101 -8
90 102 -32
90 103 -76
90 104 -8
90 105 -8
90 106 -21
90 108 -8
90 109 -8
90 110 -8
90 111 -8
90 112 -17
90 113 -8
90 114 -8
90 115 -8
90 116 -28
90 117 -8
90 118 -24
90 119 -24
90 120 -8
90 121 -49
90 122 -29
90 123 -8
90 124 -13
90 125 -29
90 126 -8
91 34 -13
91 35 -106
91 36 -29
91 37 -20
91 38 -40
91 39 -13
91 40 -72
91 41 -44
91 43 -176
91 44 -178
91 45 -176
91 46 -177
91 47 -81
91 48 -25
91 49 -8
91 52 -10
91 53 -13
91 54 -137
91 58 -173
91 59 -178
91 60 -176
91 61 -175
91 62 -173
91 64 -91
91 65 -111
91 66 -36
91 67 -139
91 68 -22
91 69 -36
91 70 -6
91 71 -84
91 72 -6
91 73 -29
91 74 -166
91 75 -22
91 76 -39
91 77 -115
91 78 -41
91 79 -43
91 80 -41
91 81 -74
91 82 -22
91 83 -92
91 85 -10
91 88 -58
91 90 -22
91 91 -11
91 93 -40
91 94 -13
91 95 -45
91 97 -176
91 98 -10
91 99 -176
91 100 -176
91 101 -176
91 102 -104
91 103 -45
91 104 -47
91 105 -21
91 106 -155
91 108 -8
91 109 -177
91 110 -176
91 111 -176
91 112 -45
91 113 -176
91 114 -176
91 115 -176
91 116 -96
91 117 -176
91 118 -173
91 119 -173
91 120 -177
91 121 -45
91 122 -173
91 123 -71
91 124 -15
91 125 -29
91 126 -176
92 33 -21
92 34 -103
92 35 -54
92 36 -45
92 37 -80
92 38 -29
92 39 -103
92 40 -21
92 41 -21
92 42 -109
92 43 -57
92 45 -55
92 46 -19
92 48 -45
92 49 -19
92 50 -51
92 51 -27
92 52 -78
92 53 -25
92 54 -32
92 55 -126
92 56 -39
92 57 -97
92 58 -28
92 60 -50
92 61 -29
92 62 -21
92 63 -39
92 65 -19
92 66 -20
92 67 -31
92 68 -19
92 69 -20
92 70 -24
92 71 -30
92 72 -19
92 73 -24
92 74 -26
92 75 -19
92 76 -20
92 77 -19
92 78 -19
92 79 -42
92 80 -19
92 81 -39
92 82 -19
92 83 -30
92 84 -111
92 85 -43
92 86 -134
92 87 -113
92 88 -19
92 89 -108
92 90 -21
92 92 -133
92 93 -16
92 94 -103
92 96 -133
92 97 -26
92 98 -20
92 99 -26
92 100 -29
92 101 -31
92 102 -81
92 104 -19
92 105 -19
92 107 -27
92 108 -19
92 109 -19
92 110 -19
92 111 -27
92 112 -5
92 113 -27
92 114 -24
92 115 -22
92 116 -82
92 117 -36
92 118 -87
92 119 -70
92 120 -19
92 122 -41
92 123 -34
92 125 -22
92 126 -33
93 35 -6
93 36 -7
93 38 -11
93 40 -7
93 41 -26
93 43 -6
93 44 -17
93 45 -6
93 46 -12
93 47 -18
93 49 -6
93 53 -12
93 54 -8
93 59 -17
93 60 -6
93 61 -5
93 64 -8
93 65 -12
93 66 -12
93 67 -9
93 68 -9
93 69 -9
93 71 -7
93 72 -5
93 73 -12
93 74 -12
93 75 -12
93 76 -11
93 77 -12
93 78 -12
93 80 -12
93 81 -7
93 82 -9
93 83 -12
93 88 -12
93 90 -12
93 91 -11
93 93 -25
93 95 -22
93 97 -11
93 98 -6
93 99 -11
93 100 -7
93 101 -7
93 103 -22
93 104 -12
93 105 -12
93 106 -15
93 108 -8
93 109 -12
93 110 -12
93 111 -8
93 112 -17
93 113 -9
93 114 -8
93 115 -12
93 117 -6
93 120 -6
93 121 -23
93 123 -12
93 124 -13
93 125 -26
93 126 -12
94 35 -7
94 36 -16
94 38 -40
94 40 -35
94 41 -55
94 43 -104
94 47 -153
94 48 -5
94 49 -5
94 51 -9
94 53 -12
94 54 -59
94 55 -5
94 58 -30
94 59 -93
94 60 -141
94 61 -241
94 63 -10
94 64 -35
94 65 -78
94 66 -26
94 67 -78
94 68 -14
94 69 -16
94 71 -30
94 73 -35
94 74 -164
94 75 -15
94 76 -19
94 77 -90
94 78 -33
94 79 -10
94 80 -28
94 81 -30
94 82 -10
94 83 -76
94 84 -6
94 86 -11
94 87 -10
94 88 -69
94 89 -12
94 90 -30
94 91 -10
94 92 -12
94 93 -48
94 96 -11
94 97 -80
94 98 -5
94 99 -100
94 100 -55
94 101 -61
94 102 -7
94 103 -166
94 104 -46
94 105 -16
94 106 -150
94 108 -7
94 109 -37
94 110 -45
94 111 -83
94 112 -31
94 113 -76
94 114 -14
94 115 -74
94 116 -5
94 117 -7
94 120 -6
94 121 -51
94 122 -15
94 123 -61
94 124 -12
94 125 -38
95 40 -44
95 44 -16
95 59 -16
95 64 -28
95 92 -146
95 106 -59
95 113 -139
95 123 -50
96 35 -7
96 36 -16
96 38 -40
96 40 -35
96 41 -60
96 43 -104
96 47 -153
96 48 -5
96 49 -5
96 51 -12
96 53 -12
96 54 -59
96 55 -5
96 58 -30
96 59 -93
96 60 -141
96 61 -241
96 63 -14
96 64 -35
96 65 -78
96 66 -26
96 67 -78
96 68 -14
96 69 -16
96 71 -30
96 73 -36
96 74 -164
96 75 -15
96 76 -19
96 77 -90
96 78 -33
96 79 -10
96 80 -28
96 81 -30
96 82 -10
96 83 -76
96 84 -8
96 86 -14
96 87 -9
96 88 -73
96 89 -14
96 90 -33
96 91 -10
96 92 -11
96 93 -50
96 96 -17
96 97 -80
96 98 -5
96 99 -100
96 100 -55
96 101 -61
96 102 -7
96 103 -166
96 104 -46
96 105 -16
96 106 -150
96 108 -7
96 109 -37
96 110 -45
96 111 -83
96 112 -31
96 113 -76
96 114 -14
96 115 -74
96 116 -5
96 117 -7
96 120 -6
96 121 -51
96 122 -15
96 123 -61
96 124 -12
96 125 -42
97 34 -14
97 35 -8
97 37 -14
97 39 -14
97 41 -120
97 42 -35
97 43 -9
97 44 -13
97 45 -8
97 47 -22
97 48 -9
97 50 -30
97 51 -8
97 52 -14
97 55 -133
97 57 -14
97 59 -13
97 60 -5
97 63 -20
97 79 -6
97 84 -92
97 86 -47
97 87 -43
97 89 -52
97 92 -44
97 93 -183
97 94 -14
97 96 -61
97 102 -14
97 103 -68
97 112 -9
97 116 -14
97 118 -14
97 119 -14
97 121 -41
97 122 -14
97 124 -5
97 125 -140
98 34 -18
98 38 -7
98 39 -18
98 41 -120
98 42 -21
98 44 -81
98 46 -35
98 47 -81
98 50 -52
98 51 -43
98 53 -19
98 54 -5
98 55 -145
98 56 -6
98 59 -63
98 63 -24
98 65 -29
98 66 -11
98 67 -6
98 73 -18
98 74 -23
98 75 -7
98 76 -6
98 77 -34
98 78 -17
98 80 -10
98 82 -5
98 83 -17
98 84 -109
98 86 -42
98 87 -51
98 88 -36
98 89 -47
98 90 -18
98 91 -6
98 92 -37
98 93 -189
98 94 -18
98 96 -66
98 97 -6
98 99 -8
98 103 -77
98 104 -27
98 105 -7
98 106 -98
98 108 -6
98 109 -11
98 110 -9
98 111 -5
98 112 -12
98 113 -6
98 115 -31
98 121 -41
98 123 -10
98 124 -9
98 125 -145
98 126 -10
99 34 -7
99 35 -14
99 36 -12
99 37 -7
99 39 -7
99 41 -114
99 42 -28
99 43 -46
99 44 -14
99 45 -42
99 47 -22
99 48 -7
99 50 -30
99 51 -8
99 52 -7
99 55 -133
99 57 -7
99 59 -14
99 60 -17
99 63 -20
99 79 -8
99 84 -92
99 86 -40
99 87 -29
99 89 -45
99 92 -37
99 93 -183
99 94 -7
99 96 -53
99 102 -7
99 103 -68
99 112 -9
99 116 -7
99 118 -7
99 119 -7
99 121 -41
99 122 -7
99 124 -5
99 125 -140
100 35 -6
100 36 -5
100 37 -6
100 41 -44
100 43 -6
100 44 -17
100 45 -6
100 47 -26
100 48 -7
100 52 -5
100 58 -5
100 59 -17
100 60 -6
100 62 -6
100 70 -5
100 79 -7
100 85 -5
100 91 -6
100 93 -40
100 102 -7
100 103 -72
100 106 -6
100 107 -5
100 112 -13
100 116 -7
100 118 -7
100 119 -7
100 121 -45
100 122 -7
100 124 -9
100 125 -29
101 34 -49
101 35 -10
101 37 -29
101 39 -49
101 41 -128
101 42 -50
101 43 -13
101 44 -26
101 45 -11
101 47 -32
101 48 -8
101 50 -30
101 51 -8
101 52 -29
101 55 -133
101 57 -33
101 59 -26
101 63 -20
101 84 -92
101 86 -72
101 87 -66
101 89 -78
101 92 -68
101 93 -183
101 94 -48
101 96 -97
101 102 -29
101 103 -68
101 106 -15
101 112 -9
101 116 -29
101 118 -29
101 119 -29
101 121 -41
101 122 -21
101 124 -7
101 125 -145
102 35 -7
102 36 -16
102 38 -47
102 40 -12
102 41 -64
102 42 -20
102 43 -37
102 44 -176
102 45 -39
102 46 -161
102 47 -122
102 50 -20
102 51 -20
102 53 -12
102 54 -36
102 55 -20
102 59 -63
102 60 -29
102 63 -20
102 64 -14
102 65 -56
102 66 -21
102 67 -38
102 68 -11
102 69 -9
102 71 -14
102 73 -49
102 74 -157
102 75 -11
102 76 -14
102 77 -68
102 78 -26
102 80 -22
102 81 -10
102 82 -6
102 83 -76
102 84 -20
102 86 -20
102 87 -20
102 88 -78
102 89 -20
102 90 -42
102 91 -8
102 92 -20
102 93 -60
102 96 -20
102 97 -30
102 99 -40
102 100 -18
102 101 -22
102 103 -108
102 104 -43
102 105 -11
102 106 -142
102 108 -7
102 109 -19
102 110 -24
102 111 -29
102 112 -16
102 113 -32
102 114 -9
102 115 -52
102 121 -48
102 123 -57
102 124 -10
102 125 -49
102 126 -87
103 36 -6
103 38 -12
103 40 -6
103 41 -80
103 42 -21
103 44 -45
103 46 -22
103 47 -50
103 50 -34
103 51 -30
103 53 -12
103 54 -10
103 55 -150
103 59 -45
103 63 -24
103 64 -8
103 65 -22
103 66 -16
103 67 -11
103 68 -7
103 69 -6
103 71 -6
103 73 -16
103 74 -18
103 75 -10
103 76 -10
103 77 -22
103 78 -22
103 80 -15
103 81 -5
103 82 -6
103 83 -16
103 84 -114
103 86 -34
103 87 -31
103 88 -22
103 89 -38
103 90 -18
103 91 -8
103 92 -30
103 93 -79
103 95 -69
103 96 -49
103 97 -11
103 99 -12
103 100 -7
103 101 -8
103 103 -67
103 104 -23
103 105 -10
103 106 -40
103 108 -7
103 109 -14
103 110 -14
103 111 -10
103 112 -14
103 113 -12
103 114 -8
103 115 -21
103 121 -45
103 123 -13
103 124 -10
103 125 -80
103 126 -14
104 34 -33
104 39 -33
104 41 -129
104 42 -21
104 44 -22
104 46 -5
104 47 -30
104 50 -33
104 51 -13
104 55 -137
104 57 -17
104 59 -22
104 63 -24
104 65 -5
104 75 -5
104 77 -5
104 78 -5
104 84 -97
104 86 -49
104 87 -57
104 88 -5
104 89 -61
104 91 -5
104 92 -45
104 93 -187
104 94 -32
104 96 -79
104 103 -70
104 104 -5
104 105 -5
104 106 -11
104 108 -5
104 109 -5
104 112 -10
104 121 -41
104 124 -8
104 125 -145
105 34 -6
105 35 -10
105 36 -12
105 37 -6
105 38 -14
105 39 -6
105 40 -12
105 41 -44
105 43 -10
105 44 -33
105 45 -10
105 46 -17
105 47 -41
105 48 -6
105 49 -8
105 52 -6
105 53 -14
105 54 -13
105 57 -6
105 58 -6
105 59 -33
105 60 -10
105 61 -7
105 62 -6
105 64 -14
105 65 -17
105 66 -17
105 67 -14
105 68 -14
105 69 -14
105 70 -6
105 71 -12
105 72 -6
105 73 -15
105 74 -16
105 75 -17
105 76 -17
105 77 -17
105 78 -18
105 79 -7
105 80 -17
105 81 -11
105 82 -12
105 83 -15
105 85 -6
105 88 -17
105 90 -16
105 91 -11
105 93 -40
105 94 -6
105 97 -14
105 98 -9
105 99 -14
105 100 -13
105 101 -13
105 102 -6
105 103 -83
105 104 -18
105 105 -17
105 106 -22
105 107 -5
105 108 -9
105 109 -17
105 110 -16
105 111 -14
105 112 -21
105 113 -14
105 114 -13
105 115 -17
105 116 -6
105 117 -9
105 118 -6
105 119 -6
105 120 -10
105 121 -52
105 122 -6
105 123 -14
105 124 -15
105 125 -29
105 126 -14
106 34 -8
106 35 -15
106 36 -18
106 37 -8
106 38 -21
106 39 -8
106 40 -18
106 41 -44
106 43 -16
106 44 -35
106 45 -16
106 46 -22
106 47 -42
106 48 -8
106 49 -8
106 52 -8
106 53 -14
106 54 -19
106 57 -6
106 58 -8
106 59 -35
106 60 -16
106 61 -9
106 62 -8
106 64 -20
106 65 -22
106 66 -22
106 67 -20
106 68 -18
106 69 -17
106 70 -7
106 71 -18
106 72 -6
106 73 -21
106 74 -21
106 75 -19
106 76 -22
106 77 -22
106 78 -22
106 79 -9
106 80 -22
106 81 -17
106 82 -14
106 83 -21
106 85 -8
106 88 -22
106 90 -21
106 91 -11
106 93 -40
106 94 -8
106 95 -74
106 97 -21
106 98 -11
106 99 -21
106 100 -19
106 101 -19
106 102 -8
106 103 -69
106 104 -22
106 105 -19
106 106 -30
106 107 -5
106 108 -9
106 109 -22
106 110 -22
106 111 -20
106 112 -24
106 113 -20
106 114 -17
106 115 -22
106 116 -8
106 117 -11
106 118 -8
106 119 -8
106 120 -12
106 121 -56
106 122 -8
106 123 -21
106 124 -15
106 125 -29
106 126 -21
107 34 -6
107 35 -13
107 36 -14
107 37 -6
107 39 -6
107 41 -112
107 42 -27
107 43 -41
107 44 -13
107 45 -37
107 47 -21
107 48 -6
107 50 -29
107 51 -8
107 52 -6
107 55 -133
107 57 -6
107 59 -13
107 60 -17
107 63 -20
107 79 -7
107 84 -92
107 86 -38
107 87 -28
107 89 -44
107 92 -36
107 93 -183
107 94 -6
107 96 -52
107 102 -6
107 103 -68
107 112 -9
107 116 -6
107 118 -6
107 119 -6
107 121 -41
107 122 -6
107 124 -5
107 125 -140
108 35 -6
108 36 -6
108 37 -5
108 38 -7
108 40 -6
108 41 -44
108 43 -6
108 44 -25
108 45 -6
108 46 -8
108 47 -33
108 48 -6
108 49 -7
108 53 -7
108 54 -6
108 58 -6
108 59 -25
108 60 -6
108 61 -7
108 62 -5
108 64 -7
108 65 -8
108 66 -8
108 67 -6
108 68 -8
108 69 -7
108 70 -6
108 71 -6
108 72 -6
108 73 -7
108 74 -7
108 75 -8
108 76 -8
108 77 -8
108 78 -8
108 79 -6
108 80 -8
108 81 -6
108 82 -8
108 83 -7
108 85 -6
108 88 -8
108 90 -7
108 91 -10
108 93 -40
108 97 -7
108 98 -7
108 99 -7
108 100 -6
108 101 -6
108 102 -5
108 103 -75
108 104 -8
108 105 -8
108 106 -14
108 108 -8
108 109 -8
108 110 -8
108 111 -7
108 112 -16
108 113 -7
108 114 -7
108 115 -8
108 116 -5
108 117 -6
108 118 -5
108 119 -5
108 120 -8
108 121 -47
108 122 -6
108 123 -7
108 124 -14
108 125 -29
108 126 -7
109 34 -38
109 39 -38
109 41 -124
109 42 -23
109 44 -17
109 47 -26
109 50 -31
109 51 -11
109 55 -135
109 57 -22
109 59 -17
109 63 -23
109 84 -95
109 86 -52
109 87 -57
109 89 -64
109 92 -47
109 93 -186
109 94 -37
109 96 -87
109 103 -69
109 106 -6
109 112 -10
109 121 -41
109 124 -7
109 125 -144
110 34 -41
110 39 -41
110 41 -124
110 42 -30
110 44 -17
110 47 -25
110 50 -30
110 51 -9
110 55 -134
110 57 -27
110 59 -17
110 63 -22
110 84 -94
110 86 -59
110 87 -57
110 89 -69
110 92 -51
110 93 -185
110 94 -40
110 96 -86
110 103 -68
110 106 -6
110 112 -9
110 118 -5
110 119 -5
110 121 -41
110 124 -7
110 125 -144
111 34 -14
111 38 -7
111 39 -14
111 41 -119
111 42 -21
111 44 -68
111 46 -24
111 47 -73
111 50 -43
111 51 -31
111 53 -14
111 54 -5
111 55 -145
111 56 -6
111 59 -63
111 63 -24
111 65 -25
111 66 -11
111 67 -6
111 73 -13
111 74 -19
111 75 -8
111 76 -7
111 77 -24
111 78 -17
111 80 -10
111 82 -5
111 83 -12
111 84 -110
111 86 -41
111 87 -45
111 88 -24
111 89 -47
111 90 -14
111 91 -6
111 92 -37
111 93 -189
111 94 -13
111 96 -63
111 97 -7
111 99 -7
111 103 -77
111 104 -24
111 105 -8
111 106 -63
111 108 -6
111 109 -11
111 110 -9
111 111 -5
111 112 -12
111 113 -7
111 115 -21
111 121 -42
111 123 -9
111 124 -9
111 125 -145
111 126 -9
112 34 -25
112 39 -25
112 41 -124
112 42 -21
112 44 -61
112 46 -18
112 47 -66
112 50 -39
112 51 -25
112 53 -6
112 55 -140
112 57 -9
112 59 -61
112 63 -24
112 65 -18
112 66 -8
112 73 -7
112 74 -10
112 75 -5
112 77 -18
112 78 -13
112 80 -7
112 82 -5
112 83 -6
112 84 -106
112 86 -45
112 87 -57
112 88 -18
112 89 -52
112 90 -8
112 91 -5
112 92 -40
112 93 -187
112 94 -25
112 95 -184
112 96 -72
112 103 -72
112 104 -17
112 105 -6
112 106 -59
112 108 -5
112 109 -9
112 110 -5
112 112 -11
112 115 -15
112 121 -41
112 124 -8
112 125 -145
113 41 -19
113 42 -21
113 44 -14
113 46 -7
113 47 -16
113 50 -36
113 51 -15
113 53 -5
113 55 -140
113 59 -14
113 63 -24
113 65 -7
113 66 -7
113 68 -5
113 73 -5
113 74 -6
113 75 -7
113 76 -6
113 77 -7
113 78 -7
113 80 -7
113 82 -5
113 83 -5
113 84 -101
113 86 -37
113 87 -33
113 88 -7
113 89 -39
113 90 -5
113 91 -7
113 92 -33
113 93 -19
113 95 -19
113 96 -53
113 103 -19
113 104 -7
113 105 -7
113 106 -12
113 108 -7
113 109 -7
113 110 -6
113 112 -12
113 115 -7
113 121 -19
113 124 -9
113 125 -19
114 35 -7
114 36 -16
114 38 -49
114 40 -12
114 41 -107
114 42 -21
114 43 -42
114 44 -164
114 45 -46
114 46 -151
114 47 -122
114 50 -24
114 51 -80
114 53 -12
114 54 -36
114 55 -159
114 59 -63
114 60 -31
114 63 -25
114 64 -14
114 65 -57
114 66 -21
114 67 -38
114 68 -11
114 69 -9
114 71 -14
114 73 -134
114 74 -149
114 75 -11
114 76 -14
114 77 -68
114 78 -26
114 80 -22
114 81 -10
114 82 -6
114 83 -76
114 84 -116
114 86 -33
114 87 -22
114 88 -99
114 89 -38
114 90 -106
114 91 -8
114 92 -30
114 93 -259
114 96 -46
114 97 -30
114 99 -41
114 100 -18
114 101 -23
114 103 -109
114 104 -43
114 105 -11
114 106 -142
114 108 -7
114 109 -19
114 110 -24
114 111 -29
114 112 -16
114 113 -32
114 114 -9
114 115 -52
114 121 -48
114 123 -57
114 124 -10
114 125 -141
114 126 -88
115 35 -7
115 36 -16
115 38 -25
115 40 -10
115 41 -108
115 42 -21
115 43 -25
115 44 -66
115 45 -25
115 46 -26
115 47 -71
115 50 -39
115 51 -34
115 53 -12
115 54 -25
115 55 -158
115 59 -63
115 60 -20
115 63 -24
115 64 -12
115 65 -26
115 66 -21
115 67 -25
115 68 -9
115 69 -9
115 71 -9
115 73 -25
115 74 -25
115 75 -10
115 76 -14
115 77 -26
115 78 -25
115 80 -22
115 81 -8
115 82 -6
115 83 -25
115 84 -115
115 86 -34
115 87 -33
115 88 -26
115 89 -38
115 90 -25
115 91 -8
115 92 -30
115 93 -210
115 96 -48
115 97 -25
115 99 -25
115 100 -15
115 101 -19
115 103 -93
115 104 -27
115 105 -11
115 106 -57
115 108 -7
115 109 -17
115 110 -22
115 111 -25
115 112 -15
115 113 -25
115 114 -9
115 115 -25
115 121 -47
115 123 -25
115 124 -10
115 125 -141
115 126 -25
116 35 -7
116 36 -16
116 38 -19
116 40 -12
116 41 -107
116 42 -21
116 43 -19
116 44 -66
116 45 -19
116 46 -23
116 47 -71
116 50 -28
116 51 -31
116 53 -12
116 54 -19
116 55 -97
116 59 -63
116 60 -19
116 63 -24
116 64 -13
116 65 -23
116 66 -21
116 67 -19
116 68 -11
116 69 -9
116 71 -13
116 73 -19
116 74 -19
116 75 -11
116 76 -14
116 77 -23
116 78 -23
116 80 -21
116 81 -10
116 82 -6
116 83 -19
116 84 -97
116 86 -33
116 87 -25
116 88 -23
116 89 -38
116 90 -19
116 91 -8
116 92 -30
116 93 -137
116 96 -47
116 97 -19
116 99 -19
116 100 -17
116 101 -19
116 103 -87
116 104 -24
116 105 -11
116 106 -60
116 108 -7
116 109 -19
116 110 -20
116 111 -19
116 112 -16
116 113 -19
116 114 -9
116 115 -21
116 121 -48
116 123 -19
116 124 -10
116 125 -126
116 126 -19
117 41 -110
117 42 -21
117 44 -15
117 47 -24
117 50 -26
117 51 -10
117 55 -135
117 59 -15
117 63 -22
117 84 -94
117 86 -36
117 87 -26
117 89 -40
117 92 -33
117 93 -185
117 96 -49
117 103 -70
117 112 -11
117 121 -43
117 124 -7
117 125 -142
118 35 -7
118 36 -16
118 38 -41
118 40 -12
118 41 -107
118 42 -21
118 43 -23
118 44 -107
118 45 -24
118 46 -67
118 47 -114
118 50 -24
118 51 -75
118 53 -12
118 54 -33
118 55 -159
118 59 -63
118 60 -22
118 63 -25
118 64 -16
118 65 -56
118 66 -21
118 67 -38
118 68 -11
118 69 -9
118 71 -14
118 73 -55
118 74 -59
118 75 -11
118 76 -14
118 77 -67
118 78 -26
118 80 -22
118 81 -10
118 82 -6
118 83 -54
118 84 -116
118 86 -33
118 87 -22
118 88 -67
118 89 -38
118 90 -56
118 91 -8
118 92 -30
118 93 -217
118 96 -46
118 97 -30
118 99 -40
118 100 -18
118 101 -23
118 103 -109
118 104 -43
118 105 -11
118 106 -94
118 108 -7
118 109 -19
118 110 -24
118 111 -29
118 112 -16
118 113 -31
118 114 -9
118 115 -52
118 121 -48
118 123 -51
118 124 -10
118 125 -141
118 126 -50
119 35 -7
119 36 -16
119 38 -24
119 40 -11
119 41 -107
119 42 -21
119 43 -11
119 44 -83
119 45 -11
119 46 -40
119 47 -89
119 50 -24
119 51 -48
119 53 -12
119 54 -22
119 55 -159
119 59 -63
119 60 -11
119 63 -25
119 64 -13
119 65 -41
119 66 -21
119 67 -22
119 68 -9
119 69 -9
119 71 -10
119 73 -32
119 74 -35
119 75 -11
119 76 -14
119 77 -40
119 78 -26
119 80 -20
119 81 -10
119 82 -6
119 83 -31
119 84 -116
119 86 -33
119 87 -22
119 88 -40
119 89 -38
119 90 -33
119 91 -8
119 92 -30
119 93 -201
119 96 -46
119 97 -21
119 99 -24
119 100 -14
119 101 -16
119 103 -94
119 104 -41
119 105 -11
119 106 -74
119 108 -7
119 109 -18
119 110 -23
119 111 -19
119 112 -16
119 113 -23
119 114 -9
119 115 -38
119 121 -48
119 123 -27
119 124 -10
119 125 -141
119 126 -28
120 35 -7
120 36 -16
120 38 -9
120 40 -9
120 41 -106
120 42 -21
120 43 -36
120 44 -22
120 45 -38
120 46 -9
120 47 -30
120 50 -23
120 51 -17
120 53 -9
120 54 -9
120 55 -142
120 59 -22
120 60 -30
120 63 -24
120 64 -9
120 65 -9
120 66 -9
120 67 -9
120 68 -9
120 69 -9
120 71 -9
120 73 -9
120 74 -9
120 75 -9
120 76 -9
120 77 -9
120 78 -9
120 80 -9
120 81 -10
120 82 -6
120 83 -9
120 84 -101
120 86 -32
120 87 -22
120 88 -9
120 89 -38
120 90 -9
120 91 -8
120 92 -30
120 93 -192
120 96 -46
120 97 -9
120 99 -9
120 100 -9
120 101 -9
120 103 -77
120 104 -9
120 105 -9
120 106 -11
120 108 -7
120 109 -9
120 110 -9
120 111 -9
120 112 -16
120 113 -9
120 114 -9
120 115 -9
120 121 -48
120 123 -9
120 124 -10
120 125 -141
120 126 -9
121 35 -7
121 36 -16
121 38 -25
121 40 -12
121 41 -71
121 42 -21
121 43 -13
121 44 -46
121 45 -14
121 46 -35
121 47 -48
121 50 -23
121 51 -43
121 53 -12
121 54 -23
121 55 -159
121 59 -46
121 60 -13
121 63 -24
121 64 -13
121 65 -35
121 66 -21
121 67 -24
121 68 -10
121 69 -9
121 71 -11
121 73 -29
121 74 -33
121 75 -11
121 76 -14
121 77 -35
121 78 -26
121 80 -21
121 81 -10
121 82 -6
121 83 -29
121 84 -116
121 86 -32
121 87 -22
121 88 -35
121 89 -38
121 90 -30
121 91 -8
121 92 -30
121 93 -69
121 95 -59
121 96 -46
121 97 -25
121 99 -25
121 100 -16
121 101 -19
121 103 -58
121 104 -35
121 105 -11
121 106 -43
121 108 -7
121 109 -18
121 110 -23
121 111 -22
121 112 -16
121 113 -24
121 114 -9
121 115 -34
121 121 -48
121 123 -26
121 124 -10
121 125 -70
121 126 -27
122 34 -37
122 35 -42
122 36 -9
122 37 -37
122 39 -37
122 41 -120
122 42 -58
122 43 -47
122 44 -14
122 45 -44
122 47 -22
122 48 -9
122 50 -30
122 51 -8
122 52 -37
122 55 -133
122 57 -37
122 59 -14
122 60 -17
122 63 -20
122 79 -9
122 84 -92
122 86 -70
122 87 -59
122 89 -75
122 92 -67
122 93 -183
122 94 -37
122 96 -83
122 102 -37
122 103 -68
122 112 -9
122 116 -37
122 118 -37
122 119 -33
122 121 -41
122 122 -21
122 124 -5
122 125 -140
123 34 -11
123 35 -105
123 36 -27
123 37 -19
123 38 -40
123 39 -10
123 40 -70
123 41 -37
123 43 -114
123 44 -108
123 45 -115
123 46 -119
123 47 -105
123 48 -23
123 49 -8
123 52 -10
123 53 -13
123 54 -117
123 58 -107
123 59 -108
123 60 -113
123 61 -109
123 62 -102
123 64 -86
123 65 -109
123 66 -35
123 67 -117
123 68 -22
123 69 -36
123 70 -5
123 71 -81
123 72 -6
123 73 -29
123 74 -120
123 75 -22
123 76 -39
123 77 -113
123 78 -41
123 79 -41
123 80 -40
123 81 -72
123 82 -20
123 83 -90
123 85 -10
123 88 -58
123 90 -22
123 91 -11
123 93 -37
123 94 -10
123 95 -37
123 97 -117
123 98 -8
123 99 -117
123 100 -117
123 101 -117
123 102 -102
123 103 -37
123 104 -47
123 105 -21
123 106 -115
123 108 -8
123 109 -119
123 110 -119
123 111 -117
123 112 -37
123 113 -117
123 114 -115
123 115 -120
123 116 -96
123 117 -107
123 118 -103
123 119 -103
123 120 -107
123 121 -37
123 122 -106
123 123 -70
123 124 -15
123 125 -29
123 126 -117
124 35 -6
124 36 -7
124 38 -9
124 40 -7
124 41 -16
124 43 -6
124 44 -12
124 45 -6
124 46 -9
124 47 -12
124 48 -5
124 49 -7
124 53 -9
124 54 -8
124 59 -12
124 60 -6
124 61 -6
124 64 -8
124 65 -9
124 66 -9
124 67 -8
124 68 -9
124 69 -9
124 71 -7
124 72 -6
124 73 -9
124 74 -9
124 75 -9
124 76 -9
124 77 -9
124 78 -9
124 79 -5
124 80 -9
124 81 -7
124 82 -9
124 83 -9
124 85 -5
124 88 -9
124 90 -9
124 91 -11
124 93 -16
124 95 -14
124 97 -9
124 98 -7
124 99 -9
124 100 -8
124 101 -7
124 103 -14
124 104 -9
124 105 -9
124 106 -11
124 108 -8
124 109 -9
124 110 -9
124 111 -8
124 112 -16
124 113 -8
124 114 -8
124 115 -9
124 117 -7
124 120 -7
124 121 -16
124 123 -9
124 124 -14
124 125 -16
124 126 -9
125 34 -64
125 37 -58
125 39 -64
125 41 -99
125 42 -65
125 44 -55
125 46 -9
125 47 -58
125 50 -31
125 51 -16
125 52 -28
125 55 -71
125 57 -64
125 59 -55
125 62 -13
125 63 -29
125 65 -9
125 77 -10
125 78 -5
125 84 -72
125 86 -75
125 87 -57
125 88 -10
125 89 -79
125 91 -5
125 92 -70
125 93 -96
125 94 -64
125 95 -85
125 96 -77
125 102 -63
125 103 -68
125 104 -7
125 106 -65
125 112 -9
125 115 -5
125 116 -63
125 118 -30
125 119 -18
125 120 -8
125 121 -41
125 122 -22
125 124 -7
125 125 -99
126 41 -139
126 42 -50
126 44 -88
126 46 -48
126 47 -81
126 50 -55
126 51 -54
126 53 -25
126 55 -142
126 57 -65
126 59 -63
126 62 -15
126 63 -24
126 65 -27
126 66 -8
126 73 -20
126 74 -31
126 75 -6
126 76 -5
126 77 -35
126 78 -14
126 80 -7
126 83 -22
126 84 -107
126 86 -71
126 87 -57
126 88 -48
126 89 -85
126 90 -19
126 91 -5
126 92 -54
126 93 -188
126 99 -5
126 102 -6
126 103 -74
126 104 -26
126 105 -6
126 106 -127
126 108 -5
126 109 -9
126 110 -6
126 112 -10
126 115 -43
126 116 -8
126 118 -10
126 119 -7
126 120 -17
126 121 -41
126 123 -13
126 124 -8
126 125 -146
126 126 -11
